10
100
32 3
39 24
30 58
17 89
43 42
93 6
32 24
100 86
19 77
4 13
25 28
24 4
61 44
142 86
16 17
178 79
29 106
190 29
20 11
31 178
50 28
67 20
14 13
22 18
5 90
35 24
35 15
72 152
39 155
16 101
118 37
154 93
97 86
14 39
15 71
29 5
54 8
4 70
85 182
30 43
130 24
100 24
15 7
46 27
193 132
59 32
37 167
40 74
130 7
11 34
155 101
87 11
60 9
47 12
96 20
169 4
191 14
3 49
127 27
15 45
117 161
42 45
48 6
19 86
185 14
44 24
30 128
20 23
168 71
6 55
48 16
43 36
21 66
68 38
17 40
15 60
39 9
14 23
144 199
192 7
1 19
44 41
8 10
7 17
17 104
7 90
5 44
30 45
116 16
85 26
2 36
52 190
22 25
27 49
32 30
91 3
135 37
41 41
13 143
108 185
829
151 903
969 1058
38 146
151 41
1261 80
380 797
34 168
55 466
27 373
390 762
1022 284
251 30
100 1229
765 548
1574 25
356 392
495 335
577 268
391 153
285 161
394 44
189 1157
1415 386
1036 165
760 33
487 14
402 406
149 396
920 220
122 1193
27 895
242 79
230 315
185 1561
323 340
201 348
180 532
402 651
634 378
295 305
7 79
239 259
229 197
1532 457
96 181
193 11
39 803
352 727
217 717
65 820
585 1123
60 404
781 1322
1360 101
173 463
612 51
133 839
183 255
462 109
1511 342
193 260
1298 573
1516 1039
62 236
724 120
1555 28
922 730
263 783
1359 171
40 316
1211 123
386 405
140 261
1216 1069
1402 647
274 706
1172 1506
259 765
1285 705
170 160
67 654
370 702
365 535
142 1641
480 586
222 398
427 92
1279 58
325 392
85 277
42 192
91 83
209 355
1600 718
1031 387
115 56
233 299
750 84
380 360
803 1297
143 37
63 392
308 267
92 362
393 902
650 65
61 428
383 310
41 630
74 512
68 783
694 297
427 419
4 102
350 209
1228 858
697 247
30 578
372 615
374 133
350 335
73 142
1354 275
687 396
393 13
78 1460
370 343
103 377
919 237
10 194
22 383
573 301
350 881
288 236
80 142
172 1491
316 81
1321 746
140 114
134 169
750 314
633 266
610 243
1563 318
19 288
150 95
559 118
243 611
1400 286
61 414
26 411
1497 226
236 51
1618 160
396 457
330 171
1541 397
276 376
216 176
370 794
135 270
933 607
1232 1435
101 232
1348 552
53 388
376 199
740 363
228 1097
143 339
62 630
822 230
304 1246
98 213
218 1256
345 234
819 1073
146 930
366 70
370 1327
835 88
316 90
6 883
267 470
1067 1533
1223 517
627 71
379 61
367 1370
353 1090
584 750
266 1258
335 321
371 619
1375 1420
147 621
262 155
127 329
865 58
609 365
863 970
1490 808
31 296
79 29
325 34
1 187
213 251
348 346
369 499
285 657
1219 163
1311 404
272 404
75 207
871 55
1233 750
386 498
838 924
178 41
824 615
792 304
187 474
23 217
197 181
242 186
336 478
57 144
59 1543
375 376
326 245
28 770
185 617
588 1571
330 271
189 637
381 880
13 265
636 374
32 105
381 1615
107 209
797 295
298 1614
281 49
383 1507
934 248
337 38
245 250
231 245
1457 861
373 404
64 61
9 21
837 786
269 145
1460 764
588 264
169 1262
795 193
183 43
285 373
53 260
82 301
350 299
139 1578
560 506
264 323
125 244
390 205
575 132
171 209
1390 199
536 413
732 152
292 502
1354 147
306 6
222 273
143 162
1624 221
1272 157
599 38
587 846
224 128
1647 30
108 969
1237 818
317 118
159 416
513 192
480 711
281 690
433 357
841 684
1229 54
392 188
1552 562
1582 106
1227 52
195 204
718 128
402 61
1186 186
53 252
255 621
735 289
453 1007
26 294
5 378
1485 117
430 111
265 610
159 156
26 361
485 280
528 1655
1407 604
241 28
1640 554
1444 385
805 86
66 4
372 677
285 179
311 312
20 1165
236 1
241 4
589 743
435 562
1210 1393
1059 292
840 370
118 409
318 135
89 187
536 340
206 190
158 326
204 148
1104 352
42 443
989 334
139 1078
651 931
31 358
273 817
141 800
1451 1189
285 158
86 279
750 271
132 791
1128 1650
323 129
247 530
298 36
246 4
558 303
842 813
53 36
126 1169
231 11
1051 168
1133 377
242 1364
257 152
435 368
39 258
266 392
1618 628
1342 9
192 324
682 545
717 165
283 741
104 393
76 155
91 130
1312 120
376 112
947 14
798 1044
238 200
1357 1337
140 55
827 406
637 571
1188 279
214 163
392 292
177 617
800 17
242 104
215 146
286 607
323 72
1069 209
256 337
191 741
388 235
255 314
5 355
1132 777
550 93
673 258
525 467
878 25
140 827
392 123
83 326
181 39
222 9
798 70
191 274
85 534
655 627
708 1144
17 1192
1156 190
338 135
217 233
168 5
371 1497
251 1315
61 452
59 531
2 315
33 1384
340 32
1285 372
302 137
595 1083
175 206
19 1324
394 744
11 58
431 659
678 220
256 1364
311 84
382 262
1633 324
239 858
124 510
71 224
188 1155
283 517
65 657
224 605
874 100
139 285
262 706
1191 814
154 718
1003 563
440 122
764 268
258 207
313 253
104 93
899 252
709 5
761 99
338 115
71 129
143 194
426 748
549 491
62 152
1195 577
67 1100
168 508
1517 1359
325 158
236 1054
879 173
299 247
391 759
410 34
1623 106
991 284
348 189
63 392
34 196
1416 84
366 170
54 248
444 917
99 1579
188 328
383 247
150 616
839 165
204 450
1269 1174
1466 567
5 393
935 88
39 385
185 12
334 352
207 106
76 363
383 365
10 575
508 341
288 511
254 161
408 262
177 429
168 401
200 77
1228 366
530 192
279 996
927 183
357 1479
658 53
541 86
643 246
1194 1549
819 1117
203 16
137 328
392 81
451 627
512 349
342 290
851 293
527 565
115 17
353 135
1063 1323
819 146
626 116
217 405
108 293
189 558
326 132
1594 333
339 1410
102 324
1267 385
858 490
274 623
1624 330
301 326
233 589
1022 1521
1523 1647
385 149
528 869
136 839
1466 952
367 1103
1564 41
326 891
225 280
1571 119
597 324
891 970
304 191
170 68
1559 18
346 824
212 319
114 1072
278 12
158 222
402 139
50 278
184 199
258 84
308 1371
800 1177
952 26
81 414
872 162
185 111
114 32
95 457
1032 201
820 447
63 698
118 50
198 1650
1219 264
1559 382
1163 66
205 627
1535 142
833 238
832 412
1589 244
1273 196
682 347
195 1530
246 370
314 342
656 412
264 610
398 363
695 70
255 508
106 201
172 291
956 238
34 140
49 47
485 1155
874 1543
413 28
170 69
632 309
1135 38
457 774
189 610
534 1115
802 350
855 443
3 984
1240 170
398 305
307 370
427 235
1211 409
1634 701
299 155
11 1203
173 337
1631 8
364 575
368 401
1623 978
721 406
408 229
51 351
186 83
419 541
1385 338
469 61
1024 380
703 73
329 498
1602 1371
403 412
554 1127
787 1497
1346 283
7 395
352 189
183 561
266 515
342 727
698 264
108 41
385 26
262 782
189 351
251 131
1267 27
135 317
330 430
198 1314
284 257
1321 297
535 1298
1022 1419
323 781
79 78
612 439
351 129
331 166
1033 134
141 270
117 124
62 116
136 132
312 638
251 1005
504 84
125 6
752 433
401 1425
237 214
782 614
129 383
137 477
1410 156
5 634
245 46
505 671
463 613
398 884
317 26
475 3
243 240
46 203
189 208
405 146
34 375
55 312
222 294
1456 1445
754 321
240 866
71 71
635 421
338 94
799 106
111 10
700 50
152 197
202 334
47 36
936 822
144 266
402 407
1459 256
72 1601
1123 1163
292 63
964 86
1502 1576
442 787
152 65
754 461
809 643
62 1551
14 315
1043 397
121 122
594 145
195 531
255 54
46 830
663 172
383 124
69 192
959 7
1004 374
52 1549
1538 309
983 148
747 1225
1148 359
237 63
221 748
1048 381
464 202
307 246
168 371
354 1577
373 409
390 543
122 1108
895 319
1320 734
393 1621
275 196
31 523
536 380
540 695
71 318
225 341
701 357
165 204
1059 753
414 382
1604 619
253 765
223 812
342 251
105 127
628 779
174 42
221 1342
264 117
195 174
108 294
276 394
757 99
1576 426
390 378
992 1232
1634 1295
650 599
598 495
932 991
191 690
115 203
83 302
382 781
514 1202
42 698
1590 303
399 319
60 364
129 342
379 248
588 309
26 728
261 22
406 398
115 387
274 371
1517 540
600 357
46 674
1009 120
805 378
624 149
195 1318
180 1023
1302 1633
230 300
1547 251
489 42
79 554
287 715
369 89
346 258
35 1312
74 1236
163 316
151 100
14 707
313 350
94
89 128
43 39
134 20
24 116
11 46
24 43
93 114
29 79
48 63
114 65
6 10
38 178
92 80
131 8
61 91
50 6
141 36
66 122
9 38
16 36
3 112
61 19
37 34
11 13
39 37
19 7
88 62
153 3
26 29
13 38
118 75
20 5
2 74
85 21
17 21
34 42
37 41
66 46
22 11
30 75
124 25
15 48
51 69
173 22
61 185
23 60
39 161
62 42
34 44
72 9
76 183
171 46
96 113
84 16
75 31
52 64
97 20
117 88
7 6
6 21
6 20
32 39
27 181
10 4
8 115
35 8
77 23
2 9
4 3
56 103
31 23
94 161
72 168
37 158
125 82
126 20
66 121
5 13
144 31
144 68
41 3
41 64
110 65
175 68
18 28
140 22
3 86
9 23
162 49
33 17
113 45
29 30
5 55
47 28
503
154 914
195 401
484 160
413 887
547 182
69 68
946 152
151 516
777 716
374 268
115 111
292 652
853 206
40 4
1 11
134 380
484 341
255 270
136 204
765 25
926 245
90 101
175 79
34 571
90 846
600 72
85 151
28 10
107 419
173 874
751 44
850 402
479 48
438 832
150 419
467 110
9 128
546 559
925 39
96 48
196 709
25 243
982 644
436 20
103 698
60 8
223 227
45 759
143 208
920 304
160 149
943 425
97 244
249 171
212 555
12 142
114 388
215 164
475 365
724 239
487 156
938 89
208 240
229 38
26 198
522 125
872 955
806 98
132 369
183 136
11 45
531 240
79 36
66 178
162 32
282 94
386 75
66 79
212 784
163 165
44 55
308 549
46 813
335 58
15 162
533 103
104 39
347 55
367 463
248 171
223 153
78 33
364 159
50 766
42 169
209 116
359 749
1000 225
652 302
44 49
194 13
42 353
706 602
713 204
95 819
49 95
18 189
984 348
139 207
135 378
70 241
247 196
749 723
258 21
171 277
210 383
710 247
14 924
844 222
937 10
404 681
276 88
68 927
589 234
23 929
189 938
240 39
777 753
507 192
447 624
67 541
202 52
364 88
86 979
985 246
10 116
23 178
441 632
10 431
290 986
9 981
348 675
285 38
56 52
278 337
849 136
109 208
940 123
91 111
166 142
270 168
145 97
370 147
603 604
112 242
279 819
638 67
316 239
652 142
206 365
890 259
952 111
251 593
34 86
199 318
6 139
172 554
218 847
173 854
43 211
125 71
587 363
166 110
5 989
207 215
239 462
197 18
652 160
740 673
162 119
340 2
153 65
107 31
17 155
209 119
693 595
457 680
418 95
3 197
372 83
261 46
129 75
421 335
192 329
22 389
52 353
207 311
496 2
39 197
316 449
827 218
578 87
969 157
147 167
141 242
942 362
186 477
281 374
286 378
224 116
770 93
900 74
231 172
832 73
731 156
35 915
179 845
234 82
198 21
739 48
779 200
939 995
928 798
167 85
252 28
372 68
399 112
153 303
973 708
130 85
410 112
200 46
8 141
89 168
380 118
214 397
127 234
112 436
966 478
78 128
463 186
33 299
691 44
766 214
186 229
359 439
93 449
850 683
224 63
62 481
441 206
270 405
119 50
60 368
353 454
102 122
76 846
201 215
955 194
209 51
996 363
994 688
522 731
133 202
171 234
164 360
106 384
295 982
132 198
80 114
497 676
142 708
9 31
20 456
212 432
157 241
12 36
963 203
194 85
211 692
125 260
228 54
925 47
140 88
90 134
101 97
171 820
58 500
677 638
234 176
674 199
733 164
82 647
15 184
220 727
487 646
572 131
128 548
1001 524
677 26
100 21
35 170
140 107
119 167
97 50
880 129
215 207
91 497
103 118
70 2
380 778
137 278
668 569
448 468
127 89
360 102
223 64
224 479
596 955
297 193
77 408
553 361
45 925
364 230
663 690
401 354
249 418
408 208
8 697
60 412
151 212
339 107
679 818
192 877
772 461
999 242
144 104
41 94
160 555
827 179
16 59
23 108
249 172
1003 651
150 95
527 237
135 789
437 125
47 592
647 140
107 541
690 157
596 20
342 13
287 543
345 226
760 466
82 603
458 102
156 854
298 35
881 62
810 136
45 448
166 943
105 635
485 299
417 130
571 443
233 119
789 260
228 659
32 111
8 65
909 93
193 140
112 96
175 22
574 294
129 20
233 573
556 748
63 397
15 119
507 613
71 823
498 376
459 104
41 365
167 336
560 599
242 158
191 154
182 435
178 85
194 135
353 145
240 218
109 166
142 815
657 62
142 114
192 148
954 243
825 661
104 8
449 107
481 734
334 682
91 208
901 180
88 240
338 6
647 449
313 178
156 167
91 152
46 412
49 106
189 204
184 247
71 442
177 79
38 223
638 47
166 159
115 16
43 627
796 180
289 402
159 17
185 237
69 190
209 212
92 512
114 529
166 314
1 345
2 7
232 486
120 596
351 704
239 125
801 878
141 8
243 386
205 342
229 3
161 30
848 197
914 413
72 229
102 111
373 74
26 345
192 19
411 833
523 147
244 837
105 142
493 910
53 228
210 8
53 246
234 349
628 710
250 48
116 740
624 74
141 232
144 977
347 16
142 88
510 21
173 59
795 11
178 580
682 716
229 177
270 332
497 359
155 952
177 86
482 796
331 69
287 762
95 209
214 115
49 248
187 670
26 243
250 139
283 72
391 194
135 208
7 931
65 123
610 122
102 172
218 576
221 418
103 167
250 184
713
1243 246
354 820
419 300
1041 690
450 134
127 274
152 208
122 1214
1077 813
552 363
94 484
169 20
529 129
128 426
602 491
438 184
518 198
34 1041
940 264
272 226
476 124
752 1296
149 997
318 1408
240 480
50 1180
51 226
262 440
207 568
338 1350
142 970
405 277
130 107
327 1200
196 130
784 89
310 1129
98 1167
465 1104
259 643
424 711
269 53
123 121
668 337
1366 61
60 580
235 233
833 629
218 1056
624 581
29 227
1176 186
1017 151
266 776
306 341
164 78
364 532
668 222
20 471
1399 1422
87 974
310 805
785 187
892 246
591 277
1394 986
182 130
55 449
415 287
106 678
275 260
958 162
245 695
247 593
541 191
384 52
266 366
284 771
245 284
54 298
11 682
634 627
19 183
296 90
313 322
1376 1037
1341 302
1031 305
226 181
602 844
683 1362
131 412
121 234
318 1404
1015 291
1023 180
408 508
240 239
304 334
877 1163
296 147
75 640
190 238
1341 944
103 452
22 979
160 50
301 303
340 85
337 10
496 16
93 333
1242 189
330 903
46 929
25 28
749 699
52 6
284 204
1379 382
749 166
442 288
106 489
212 348
551 517
1001 8
18 635
342 523
523 116
320 111
769 1201
638 148
199 88
221 63
90 360
1341 160
226 431
198 204
981 138
288 95
391 328
96 143
1241 177
526 448
205 366
298 14
394 38
604 38
71 304
479 241
220 487
379 364
88 225
111 14
355 41
864 185
215 473
79 1326
166 1273
514 960
467 974
1138 276
61 270
309 327
351 155
1149 62
227 1425
113 38
502 334
1009 115
794 507
227 553
339 1173
535 181
1306 138
507 4
1094 235
91 195
216 73
1204 923
323 251
378 42
706 135
52 694
1305 77
165 830
224 1155
900 27
408 162
311 808
288 151
356 524
127 647
836 133
199 122
129 315
316 82
257 23
125 309
51 1006
123 222
562 62
175 156
35 307
40 186
91 172
928 341
634 823
218 182
282 441
118 1102
1013 583
309 972
371 167
180 301
315 6
13 122
171 290
339 321
188 270
1374 388
164 267
279 1239
463 326
105 1351
342 56
365 111
338 216
306 1339
302 333
391 255
683 285
44 527
177 111
787 223
308 887
839 648
113 909
2 109
93 1225
316 653
65 88
337 342
269 192
287 387
333 341
319 323
306 507
20 63
703 255
206 132
53 289
168 127
242 155
731 331
395 65
304 278
277 155
85 660
124 70
224 99
76 375
211 1346
1180 411
852 242
457 1070
1115 47
203 179
97 484
475 1386
190 238
177 524
1292 999
46 284
413 340
284 860
130 1
171 272
308 270
283 101
531 350
260 417
434 284
40 498
239 167
761 521
1168 717
376 201
239 1068
891 1193
338 399
83 321
316 1038
199 555
160 802
356 45
295 493
226 1189
683 1153
686 1137
229 108
1411 583
320 84
107 248
167 207
83 25
258 95
243 1231
82 227
1172 24
25 226
161 671
1405 330
481 160
208 474
729 240
36 212
204 359
60 295
290 418
528 233
260 25
259 1191
99 298
129 652
191 596
1219 98
250 668
1145 645
73 1260
101 14
218 238
1091 681
674 22
286 427
429 98
1106 138
102 103
433 419
745 1024
420 59
51 730
79 227
503 139
33 63
192 229
118 72
593 687
173 337
601 478
155 234
37 76
314 1397
447 280
118 239
413 87
587 817
1029 918
61 47
746 1301
50 62
244 636
1385 989
107 66
108 112
296 462
309 251
9 128
91 866
333 210
492 264
245 1362
999 300
1286 671
1420 730
499 324
1324 336
708 702
418 215
586 83
524 945
63 199
263 230
213 1028
244 4
259 255
522 460
227 457
186 878
78 516
129 1383
317 201
105 1298
989 94
140 584
270 1015
343 239
182 558
301 708
137 753
218 298
314 54
316 800
769 892
281 1350
183 643
23 1074
404 261
147 143
1225 236
274 243
253 1009
1348 360
602 1025
279 352
1058 123
176 17
640 356
283 872
462 72
221 168
97 168
266 999
614 292
161 136
790 1138
181 633
573 679
647 87
193 376
1211 783
2 648
274 291
631 800
870 294
75 1112
1395 80
864 707
1113 613
101 364
323 255
875 676
296 954
189 670
40 37
313 187
1170 1023
351 656
353 87
771 305
704 98
322 40
226 575
621 648
335 30
468 932
74 200
203 625
335 135
189 186
197 73
222 1032
68 1254
541 214
195 194
110 1054
252 955
188 311
275 112
1097 216
311 470
188 332
301 392
665 644
22 259
618 224
33 423
903 226
303 174
82 174
322 1375
201 184
275 347
31 77
88 347
815 258
250 312
136 411
104 513
223 401
1211 242
442 317
271 239
175 111
331 425
941 248
193 97
81 913
139 355
990 669
389 436
1130 1355
6 372
1261 221
355 1326
1169 221
46 26
47 781
536 138
464 867
784 706
1219 1242
329 346
1302 379
283 617
217 255
67 272
228 485
230 1200
196 584
139 52
383 515
178 649
149 77
78 339
641 188
844 130
388 80
173 46
49 52
55 1074
244 151
1270 78
500 301
434 31
12 134
715 284
141 555
959 291
1163 1358
1404 342
655 749
28 1281
455 385
1314 1012
743 292
268 263
733 290
391 1155
1216 308
187 266
193 67
67 315
188 350
339 2
276 1320
218 43
89 242
384 436
891 1205
361 828
279 722
268 296
311 1292
293 164
151 325
68 228
246 469
183 176
307 1324
164 84
334 587
48 10
671 290
393 182
509 154
329 581
212 293
125 67
84 238
251 545
123 521
697 75
11 1083
131 295
258 1023
165 861
336 165
191 496
902 353
1003 699
224 505
662 10
305 1172
287 244
40 244
230 28
332 51
210 301
420 229
817 9
522 127
50 170
635 322
1343 288
1085 967
708 669
228 248
115 200
315 124
92 79
261 171
233 285
388 847
248 337
262 142
593 1137
1198 102
977 103
229 604
289 351
1175 213
815 275
396 516
981 145
5 43
719 273
1094 1354
240 117
237 269
1099 319
80 197
691 198
289 236
514 262
898 262
1273 183
750 735
139 1047
192 740
202 624
571 575
436 758
1164 145
953 94
139 265
144 51
102 135
596 423
33 180
1229 259
196 249
12 22
1158 258
394 283
220 255
103 258
693 279
747 1148
136 404
212 118
424 332
506 10
177 75
438 93
214 290
350 54
631 835
408 111
240 16
24 295
1014 274
477 878
144 1325
1361 355
554 604
144 48
674 978
636 355
159 81
44 318
219 219
445 699
135 190
1029 298
44 909
11 1182
309 849
1124 35
127 148
591 102
287 331
1101 481
476 1001
1148 138
594 1003
287 1178
901 694
168 716
111 332
92 488
873 638
939 266
82 1048
102 1004
739 313
302 11
438 181
204 1277
462 229
166 248
302 53
265 574
971
1178 265
1234 709
232 371
190 457
453 124
152 55
531 54
152 23
404 251
1255 435
854 93
235 86
1466 126
204 498
174 493
1576 817
233 1733
742 1770
1770 95
339 1536
142 75
1654 135
1371 948
942 197
158 95
1017 461
1387 6
1593 436
211 399
88 463
990 439
235 891
440 536
819 145
155 267
351 399
501 879
40 1740
1185 825
526 934
900 269
72 614
209 1641
460 674
155 104
974 1741
1305 316
1911 1429
764 1046
208 266
1629 358
482 183
1455 228
199 189
922 234
452 356
453 301
235 146
658 44
920 3
473 1730
1117 85
410 134
394 223
218 372
670 421
344 3
121 1704
183 1103
1788 614
519 315
703 357
746 1009
1273 143
1685 350
97 215
171 167
120 88
8 10
133 574
131 189
1646 673
173 127
219 119
1525 219
52 5
1896 163
403 847
298 462
419 1648
470 791
131 239
1883 330
182 353
85 925
258 1094
214 181
589 10
608 364
440 1646
447 986
197 367
560 8
1687 750
343 176
1598 135
180 192
1057 1110
249 234
207 682
1433 359
851 1624
130 416
611 160
1853 1853
279 197
59 392
1835 147
1889 1309
280 189
156 436
40 1227
421 395
1892 358
53 912
392 377
96 203
283 81
346 368
289 870
274 134
96 1169
452 1845
953 382
1391 415
745 88
153 604
154 184
417 920
458 1177
1760 652
1099 209
52 149
366 186
254 254
579 474
171 1471
1601 55
157 183
74 1456
987 301
53 296
641 1874
628 143
534 276
140 336
1208 1
1066 237
468 148
1198 766
593 307
1787 446
608 98
787 521
176 964
311 40
336 380
338 768
580 970
473 97
480 137
1184 118
42 1614
232 475
256 376
921 540
693 321
1898 301
63 400
1518 154
767 968
730 128
180 18
26 384
4 1513
107 480
135 1919
182 904
896 428
187 984
314 88
1790 1
112 467
94 271
240 283
58 798
21 1387
1260 119
876 356
980 826
570 709
752 1198
1907 81
1808 61
624 554
1354 107
461 158
63 295
394 265
124 903
1281 672
271 254
349 939
481 1096
40 1731
381 215
858 454
1798 590
277 73
592 246
341 113
530 58
414 51
1816 185
550 434
1383 215
373 443
364 94
389 122
53 973
184 429
154 234
585 653
856 927
355 719
1543 282
1481 1275
1477 153
205 158
186 333
244 7
188 209
298 98
804 330
823 19
223 346
105 400
179 460
484 77
712 66
1471 1012
1131 127
852 220
20 452
793 277
1520 262
1611 401
240 83
1366 878
222 50
15 427
1680 1922
1406 840
590 150
271 298
162 63
1457 199
420 270
376 89
192 482
270 464
1322 145
433 166
769 449
534 1618
389 296
164 7
305 324
457 1119
360 123
1710 1756
322 1900
402 396
310 186
469 397
732 305
78 791
871 750
1544 230
412 1474
1300 160
147 1126
332 768
183 198
46 433
592 1032
90 686
960 415
930 912
622 423
139 465
275 1176
253 133
315 462
666 661
551 522
134 404
237 397
231 885
106 1444
211 516
1168 360
85 1471
69 1867
279 467
1285 1640
1049 80
319 1911
22 166
388 1776
267 114
1490 523
744 953
109 110
226 94
976 458
1253 143
340 216
170 71
1236 607
314 37
179 19
960 170
1651 1553
936 585
535 227
162 656
305 296
90 368
168 336
30 300
460 1570
88 1532
903 175
1411 111
999 257
154 766
417 97
1537 99
644 1194
223 158
38 463
122 185
486 1254
209 162
78 162
433 1723
1828 630
471 272
140 253
1735 1497
94 1205
330 236
92 1668
602 1765
513 786
402 455
768 172
295 284
231 336
1 79
365 85
1633 385
50 997
443 583
1540 785
964 25
336 63
384 76
375 322
244 648
1300 176
430 792
338 393
118 1822
390 350
1717 451
843 224
112 178
604 309
635 149
1416 1453
757 244
309 346
575 567
331 492
438 801
396 137
402 254
1258 755
11 1195
888 449
647 51
99 589
163 305
193 137
57 63
832 648
451 164
645 395
507 154
645 1379
422 890
482 454
32 580
1471 297
1626 31
851 44
1683 180
161 330
423 504
625 1243
100 12
257 56
399 389
1322 599
377 1270
654 136
174 326
193 445
808 706
92 436
1714 821
202 18
386 309
100 368
877 677
269 465
531 271
1724 1467
1669 871
1031 422
334 753
287 58
110 473
268 1835
20 1067
71 422
469 343
279 478
1859 73
3 1578
101 1592
996 449
193 102
90 194
1762 1307
297 41
1759 491
607 1483
1454 743
1496 1031
400 868
367 431
195 330
37 578
483 881
124 91
1265 452
1659 395
370 52
302 1001
228 402
933 164
1617 445
28 427
1165 15
250 789
480 62
747 470
175 194
1722 3
874 430
338 604
791 238
1642 584
452 20
886 868
182 6
282 482
1834 1381
1343 139
1011 732
15 95
20 282
172 229
285 64
468 542
264 340
415 704
334 521
283 491
206 343
480 1377
1172 1526
156 247
72 287
325 33
167 1925
78 521
464 295
347 413
719 262
191 426
1389 35
1685 22
197 186
425 1093
203 492
249 326
428 1473
383 334
896 84
466 1902
66 424
42 355
176 218
447 712
1901 915
391 202
24 1895
247 239
640 1502
920 1592
272 260
287 689
261 283
352 479
90 1430
450 1551
369 1421
588 898
1026 1518
781 923
353 679
191 101
848 158
342 17
722 1355
455 52
14 89
1274 480
54 1261
799 1830
761 25
372 438
1389 227
197 225
194 1885
737 947
107 379
214 184
334 176
558 338
704 617
1492 1077
168 1499
451 1763
387 263
142 241
299 563
645 39
83 1821
733 333
521 361
353 307
1418 1581
342 137
247 68
496 351
131 57
1807 30
395 292
380 336
430 261
361 258
691 473
122 87
102 61
132 1936
1129 1430
44 1605
704 256
15 22
1702 334
137 1462
445 2
891 271
1647 416
730 689
9 568
1331 1070
1481 626
185 326
1378 620
1289 573
701 250
274 207
1406 460
781 70
154 550
1359 1908
8 733
464 1805
186 160
937 1050
505 1518
177 490
13 59
656 65
279 58
681 292
92 122
65 929
213 528
414 343
1784 457
1442 943
263 1669
227 1681
150 12
397 1325
288 908
172 1863
534 886
281 232
834 651
721 243
196 27
576 110
20 361
190 312
381 388
1505 840
331 179
172 178
441 1174
1459 440
741 313
385 240
1511 478
65 346
382 141
526 439
563 354
73 350
6 298
307 255
1364 85
73 154
138 747
1789 320
342 252
877 943
929 444
202 212
394 1373
1876 154
311 318
352 939
210 417
1442 203
151 721
1071 399
464 579
207 458
47 1925
369 993
486 177
306 637
781 1420
362 1743
353 29
956 419
114 168
16 29
413 273
1281 328
60 728
527 324
463 429
916 794
470 220
104 365
94 1710
261 1734
121 69
252 899
447 443
1118 341
209 512
46 43
129 478
264 248
200 217
436 1654
1459 453
832 37
43 70
436 234
344 169
302 854
332 603
1156 13
447 1924
723 470
363 335
258 1631
150 118
263 78
506 224
240 1328
410 120
755 1808
208 71
1131 227
458 742
247 485
1238 1370
520 63
716 278
401 281
1206 1913
150 1031
463 720
135 159
901 224
304 273
264 249
14 462
1753 295
448 894
371 902
293 855
341 696
1024 468
480 153
33 1717
1320 288
358 894
343 189
1418 817
1534 223
70 981
953 1825
319 319
298 1615
366 955
761 15
1776 83
587 598
597 480
42 206
1216 371
366 710
106 1556
536 686
328 181
445 392
326 980
89 1238
1818 39
1697 157
1300 204
319 1648
251 339
1907 649
525 277
416 21
1829 1162
748 435
1909 1572
106 937
135 94
694 1283
91 333
26 443
125 606
1357 405
374 479
57 314
723 713
241 103
134 79
449 468
830 375
943 495
685 304
434 677
116 289
263 156
366 181
1016 261
1695 197
277 213
642 1092
1515 550
417 1435
369 807
11 278
125 372
1227 505
20 1120
195 132
432 24
478 1217
58 201
442 163
76 159
1385 6
660 1428
260 60
1551 209
456 197
175 76
452 396
20 605
34 266
276 703
1118 479
937 930
16 1156
758 133
76 1418
853 743
312 152
383 173
826 302
1070 4
551 293
1740 1365
316 65
390 475
199 1664
23 1567
145 54
647 601
327 764
785 233
15 126
913 1483
672 161
342 235
161 748
1234 486
308 1359
34 106
1415 1237
294 158
951 1685
436 709
233 220
400 231
481 326
120 458
291 339
233 1529
400 363
203 926
198 281
1706 96
1865 1197
112 240
393 902
262 419
384 1912
1707 1908
1199 445
1533 1937
136 439
155 1089
889 726
410 76
658 558
1076 147
215 1714
797 1809
249 563
69 112
247 43
112 399
1398 999
642 434
869 1063
91 121
300 414
326 354
873 1941
572 1613
412 319
1384 120
140 472
1082 1762
236 235
45 54
319 1475
797 168
1116 465
1590 337
35 144
746 1693
1604 1883
510 1930
1472 437
378 331
128 1871
353 52
1255 1310
597 171
734 211
136 775
210 81
255 111
920 60
114 11
192 1207
304 355
201 211
476 438
20 479
76 386
440 206
19 1619
303 895
190 1422
485 296
757 1425
231 1104
834 1479
1878 1938
348 171
673 1019
253 1564
332 216
100 252
1143 733
82 63
297 674
1760 1327
233 585
384 179
66 488
486 13
469 670
746 79
247 783
1195 1575
1248 186
367 476
155 1633
334 572
992 127
433 1909
393 1727
121 428
5 931
1541 284
431 593
224 330
1450 627
186 496
349
102 144
125 1
78 85
144 151
3 479
578 178
194 2
576 51
171 239
56 536
514 129
73 48
107 52
378 138
339 52
143 95
160 6
72 10
173 120
695 158
28 297
200 415
39 187
285 173
156 136
174 104
255 24
1 339
119 9
96 43
615 130
112 606
23 479
175 343
170 9
75 36
103 32
41 85
315 139
339 16
154 30
149 69
206 315
144 135
1 70
160 200
305 156
93 166
143 22
681 76
254 521
113 535
136 440
36 44
193 491
341 134
228 137
9 160
619 162
264 26
608 79
687 141
114 429
345 43
78 665
184 59
169 19
56 291
592 221
672 17
327 563
391 7
122 295
623 24
41 320
86 341
615 668
149 128
181 55
513 20
164 289
144 419
275 89
695 110
103 312
136 107
593 7
89 16
130 256
103 29
407 65
61 164
354 460
468 278
339 266
158 33
73 170
144 84
610 77
171 134
173 224
24 151
69 6
58 50
345 556
133 171
143 272
31 55
184 85
166 156
498 169
265 96
666 43
313 401
425 117
374 594
137 428
90 139
24 558
305 141
594 16
623 410
147 216
106 87
147 496
9 52
21 647
157 84
103 488
53 241
105 547
147 121
685 317
124 662
590 171
177 410
160 276
531 509
59 130
123 123
81 170
31 55
157 166
66 16
408 429
308 79
10 565
277 161
510 304
119 24
66 180
258 73
266 158
346 490
195 163
540 640
492 177
585 510
154 76
13 170
89 503
133 126
464 279
128 104
188 21
94 215
328 433
70 10
305 24
10 109
259 316
34 108
227 96
82 168
331 411
54 624
300 619
123 271
431 110
252 118
618 106
159 348
86 55
610 78
225 495
19 151
40 98
166 167
87 474
97 80
110 18
155 30
360 25
265 320
124 46
189 229
54 424
104 87
692 111
113 161
61 246
76 78
55 149
369 157
22 137
83 39
42 103
430 33
86 79
102 164
655 46
262 28
92 107
33 642
95 78
46 529
337 604
448 443
385 35
52 265
426 504
571 45
125 30
145 40
137 260
265 653
144 153
10 5
381 121
378 574
172 149
95 254
102 355
258 591
35 341
45 10
84 107
86 652
570 13
111 72
446 129
65 338
165 156
160 157
74 121
488 97
273 615
330 67
289 126
118 28
307 688
162 212
668 484
318 638
155 64
350 57
99 209
70 16
412 675
76 277
392 28
153 101
2 507
36 87
120 43
140 136
33 94
247 44
99 342
141 92
130 44
164 191
19 527
3 273
74 47
312 69
661 19
64 689
48 169
152 55
119 498
124 11
107 562
172 268
103 460
203 230
88 661
329 112
110 150
138 99
355 2
2 141
65 593
588 478
13 35
136 152
498 109
359 168
233 294
12 114
456 128
593 564
3 150
322 130
240 327
25 431
41 145
628 142
86 191
92 92
239 619
114 348
99 21
114 163
26 19
104 638
39 243
43 163
222 148
166 582
259 241
57 146
331 60
102 95
19 296
165 73
623 202
67 247
55 192
147 164
2 87
697 601
86 37
446 216
140 173
145 36
621 619
362 61
538 56
25 463
245 160
159 287
220 117
63 51
317 79
487 20
244 472
94 131
169 110
31
11 60
9 2
11 7
12 11
6 1
7 14
22 27
30 12
10 8
46 51
9 13
7 13
56 8
14 9
10 6
4 36
8 49
17 9
5 3
3 51
7 1
8 26
43 10
39 14
59 1
58 10
15 15
22 6
29 8
13 18
50 12
77
49 28
145 21
4 10
91 24
148 119
11 107
128 21
151 137
71 17
73 138
51 31
59 41
95 9
5 135
29 11
14 7
1 3
11 28
20 76
3 8
9 15
12 1
27 11
23 5
17 84
91 47
125 35
24 21
145 23
13 76
22 60
29 98
70 9
23 35
95 102
108 30
136 43
124 101
107 11
45 14
10 24
138 1
2 23
117 16
60 70
56 47
17 117
67 73
31 3
18 33
40 26
13 92
78 10
6 32
29 44
98 65
139 21
149 37
29 71
45 26
13 85
71 140
35 32
8 37
19 63
66 98
8 52
99 18
25 40
67 63
67 23
107 68
11 48
51 23
71 89
6 26
35 146
868
37 136
164 53
252 57
440 1038
328 1356
802 257
620 897
154 1694
314 843
361 94
4 101
605 109
431 816
300 378
442 843
345 245
239 190
115 289
1453 593
1485 79
135 406
129 174
235 418
333 260
1326 417
164 1
95 1486
380 171
804 1429
1036 192
227 262
1221 510
226 1235
398 518
238 421
32 8
673 1351
316 1590
774 7
14 1688
16 1345
293 272
240 1622
817 46
59 541
277 1157
193 227
28 327
209 387
212 46
328 57
94 275
711 520
861 852
399 267
693 739
1099 252
106 809
635 321
1100 434
385 936
1376 217
184 197
157 42
70 511
1033 240
129 350
1235 1096
216 1508
1587 59
636 383
61 311
280 1684
1465 322
68 1412
741 412
608 296
194 69
805 610
1416 983
1323 239
328 619
325 77
528 1272
349 643
39 1635
81 523
44 808
754 1183
257 227
1120 150
661 26
314 756
949 42
1678 274
687 459
379 483
1090 163
1495 302
791 150
205 3
1465 951
1560 310
291 137
180 258
1597 754
189 1665
372 90
718 215
371 228
155 62
165 1532
269 529
351 781
414 24
398 436
510 691
155 1732
849 560
120 221
17 1610
287 1370
730 346
797 220
103 155
74 393
1722 735
205 645
878 417
1541 365
46 519
650 1260
579 9
272 2
123 245
49 268
1396 671
141 1216
5 20
361 138
115 212
479 628
35 343
1047 425
462 85
604 175
859 137
570 557
53 1447
663 137
366 184
50 465
349 359
302 1060
384 65
1504 114
342 349
161 916
582 300
7 570
1075 444
103 274
392 1675
591 1144
414 1441
66 1631
282 432
1721 672
830 1101
677 46
1519 403
50 741
261 637
190 263
710 1260
368 18
323 1646
107 835
412 442
605 521
220 5
583 181
420 1589
262 425
174 1472
191 27
134 1716
1694 115
759 386
663 169
263 730
311 637
913 45
791 402
845 104
1044 420
86 523
301 274
353 458
744 17
814 596
703 145
225 887
957 782
12 102
478 77
1364 15
512 280
232 134
701 233
423 93
282 78
738 1056
455 860
195 25
971 71
518 739
1142 85
1551 767
61 407
426 398
165 401
166 96
675 816
334 4
233 826
1675 822
54 143
188 644
649 132
168 564
372 443
420 156
543 724
78 410
690 233
396 477
362 366
961 323
1043 966
128 23
104 1269
78 202
33 68
1116 824
817 297
607 73
4 1107
457 679
1308 444
1429 281
943 310
807 83
293 387
773 374
449 426
148 1538
708 106
1414 379
3 66
446 851
346 415
215 1644
383 1052
25 565
520 123
46 1385
114 147
921 1459
164 1208
205 686
3 306
1256 360
1026 114
75 137
289 459
426 93
39 306
408 1105
395 249
149 341
795 748
1337 714
1513 226
107 875
284 423
402 285
1145 955
82 5
1235 1357
328 103
21 375
803 192
366 1634
1627 465
122 510
224 435
1387 373
1482 794
312 59
11 141
423 77
14 44
210 225
306 841
533 535
252 794
1479 353
131 731
1263 98
298 106
1707 721
188 507
141 422
243 354
251 128
3 86
242 369
403 1374
1459 853
728 310
616 317
205 16
104 172
765 1184
163 831
333 304
239 741
89 550
214 35
96 398
410 157
212 999
377 957
4 1241
1444 257
1123 299
1117 224
873 241
563 370
174 49
254 617
546 140
1332 323
516 659
536 414
368 526
1276 198
223 452
706 1171
395 191
303 89
75 201
42 320
879 1010
901 293
928 56
493 1121
73 1405
295 845
1734 391
793 487
61 6
408 626
598 255
131 454
660 179
447 807
1264 384
713 1211
256 22
792 480
279 351
375 208
116 361
353 325
425 277
350 369
242 1038
678 625
273 369
46 87
211 232
277 587
19 25
704 1226
14 289
236 275
147 1278
592 1280
246 319
504 359
977 90
194 288
127 1158
950 351
27 649
223 382
950 136
1337 757
237 360
79 320
837 1245
1511 219
389 32
642 249
579 793
284 481
291 797
1423 797
350 395
191 509
315 838
103 15
769 653
75 146
68 349
1186 293
1132 45
60 305
536 209
132 733
35 539
862 1421
366 214
472 169
129 623
299 388
396 139
108 167
489 268
207 1598
1457 144
186 884
932 1114
1416 422
1315 92
79 1035
33 158
254 759
56 1047
389 258
528 139
27 38
939 37
765 383
386 175
347 38
1685 221
293 419
161 86
1237 133
518 238
1389 430
360 1659
714 746
1361 1547
214 1724
1201 1247
188 54
341 1683
324 105
847 381
307 261
960 300
56 808
1241 85
285 411
827 229
306 40
264 433
44 697
314 293
392 348
825 293
618 266
355 1353
1051 833
1065 1427
219 665
470 424
300 380
191 218
727 817
687 1711
127 446
837 1095
1362 40
1084 313
1696 260
1658 17
1045 402
25 420
327 708
556 1366
114 404
423 93
9 1260
298 570
286 153
822 143
1215 381
1108 122
1602 480
139 1705
885 1363
425 231
6 296
456 146
1285 361
34 743
341 260
1140 4
9 39
404 1333
262 153
333 205
140 1077
1734 175
1063 357
779 334
682 410
466 859
266 320
690 169
222 751
102 211
928 476
8 523
151 794
323 639
330 486
159 397
88 182
9 552
1453 293
341 207
236 342
895 410
359 528
315 236
1138 127
385 317
56 1399
817 612
1695 122
416 417
272 283
266 193
232 12
932 658
1117 365
171 224
534 734
932 326
231 1511
328 198
329 1616
185 1713
1225 450
306 204
587 794
716 100
414 296
730 41
69 172
1577 9
27 542
212 1355
1156 185
337 638
371 499
746 19
1363 211
430 389
13 1013
311 646
691 708
1365 314
104 89
213 69
73 371
868 831
1 250
289 115
53 224
502 180
939 906
615 203
755 124
205 1338
353 726
392 137
121 1119
225 59
534 201
92 292
610 429
655 253
795 109
127 74
1145 101
102 68
38 397
387 279
116 1557
438 332
860 1674
1734 889
355 139
1347 1048
404 194
984 1052
203 1361
292 68
1619 198
423 139
212 478
311 226
433 213
409 100
302 43
431 196
42 191
1728 234
376 328
422 978
253 173
1443 630
1169 597
113 224
61 1136
30 839
91 386
240 1114
225 190
50 714
322 773
244 171
205 748
39 1038
142 447
196 257
951 133
1436 887
76 239
123 346
108 1265
1601 428
251 1573
845 704
229 51
1606 22
161 149
45 1347
1376 331
133 1716
156 19
53 489
218 830
168 537
328 105
220 1030
1514 119
80 740
270 250
152 977
62 498
109 1456
349 323
982 362
868 1026
158 141
375 1492
134 133
225 742
209 140
448 339
410 1686
1106 381
75 246
54 1418
1287 1205
1191 389
676 316
220 302
618 1127
1095 251
974 155
433 703
1124 356
1729 190
331 363
365 763
1026 92
375 66
3 129
268 421
322 549
196 208
942 251
736 69
100 497
673 90
80 283
72 98
777 266
174 473
67 28
1423 1522
555 426
487 120
129 377
381 741
385 668
495 113
817 248
366 364
464 210
715 351
1373 893
229 721
429 165
225 393
357 455
516 916
1499 1120
546 77
391 4
189 327
585 288
405 806
1624 51
71 87
252 162
1572 1165
833 77
1076 31
657 30
144 162
83 250
287 394
175 495
416 234
403 85
33 55
360 1285
1393 276
17 166
1139 413
285 140
1318 1470
405 375
298 153
626 594
41 321
1057 1381
1103 208
1253 885
1156 342
1404 1585
357 1563
557 433
37 309
142 338
193 23
1273 1120
1173 97
189 91
20 283
42 315
1218 649
1721 1154
182 504
1705 612
25 43
405 370
633 957
179 259
191 1715
172 638
257 1177
1651 70
296 323
1265 465
1179 161
677 579
743 164
417 452
1580 18
124 61
33 175
1248 1530
1526 87
290 1444
388 423
1648 377
123 171
1044 356
342 978
45 238
262 501
936 495
786 1032
148 269
346 412
207 805
1479 383
511 280
553 51
326 220
358 496
140 1144
213 132
272 244
33 784
425 430
1460 173
202 146
154 322
118 1272
751 1508
1200 624
1296 418
83 841
330 98
49 306
372 32
442 516
401 175
47 280
1243 89
123 218
174 761
1003 810
799 1500
296 766
15 1281
1157 1095
1084 1658
446 163
113 238
634 105
157 58
79 298
25 174
106 33
309 654
1734 1704
594 266
985 185
1093 332
321 285
456 201
844 212
383 820
455 950
782 156
322 81
1503 191
156 236
1566 547
289 700
404 222
1236 160
1378 272
1595 1284
603 70
